TRAJ,C1-C2,C2-C3,C3-C4,C4-C5,C5-C6,C6-C1,C6-C1-C2,C1-C2-C3,C2-C3-C4,C3-C4-C5,C4-C5-C6,C5-C6-C1,dih H7-C1-C2-H8,dih H9-C3-C4-H10,dih C4-C5-C6-C1
1,1.4022491849105243,1.4533450956997822,1.329951079110398,1.4375793977536298,1.5579214566447892,1.4882733892481483,121.6951372213722,117.92707114562926,118.61930679446712,121.35547282398713,115.33081036511453,109.31121429053611,23.164577891804445,1.2499039037039064,38.86541101232244
2,1.3363382348529385,1.507916056340251,1.4278917023791595,1.474875807129538,1.5625203892492239,1.5259884014574274,120.54257580837506,119.27431025161574,122.3633684684694,116.96821220565347,115.59213212591249,113.5687119755209,15.03952947738471,25.059005631902995,38.56517148880652
3,1.355872826385951,1.44387375739933,1.3541252625200213,1.522435941510866,1.5181304407340561,1.5732816378726222,116.97720112733715,121.00961470636443,120.78095864953016,121.31030338299597,109.10862253317237,114.72654528985558,6.846001381946125,15.826556779261514,43.03027353873602
4,1.3102337734717349,1.488594807474717,1.3396133012489702,1.552124253039573,1.6187211283890013,1.463589017535054,122.29876371798548,121.52330617609574,120.24087549984775,121.43944343813874,108.96922385993854,112.28405621743077,6.304869415219042,11.364694712592732,39.97877522468871
5,1.3249822774523028,1.4802803031183478,1.347691541168186,1.4635847648959999,1.5622383765067653,1.481493045660309,128.64462882147018,114.81795159622179,123.1401558821933,121.14278894529437,115.58434825074588,109.8981514144924,2.9649665771217415,8.760452229149944,28.884993460452446
6,1.3513999119552664,1.4396816853017755,1.397111810028332,1.6245937130230337,1.4712617962556735,1.5109290775127318,122.0028279376145,116.66799079359691,125.83571982567287,118.37616378328822,110.14800467307052,120.59364201475134,10.255736994414796,5.8592575638524345,25.183180775570115
7,1.3239329110503921,1.4976728119354923,1.4356659864259902,1.6396890452090664,1.5601129726917387,1.4666167574708115,118.59930365873207,125.39797528437062,114.67242041496307,119.84975029283808,108.52885963275853,115.54339859357594,14.302197923131377,5.423701757607951,43.47369655632929
8,1.3972721983805902,1.3989409323875968,1.2879610570819382,1.5604799021627977,1.5990158450704515,1.4617649955408052,125.60537177857289,117.1027595489556,120.34165437329328,121.99107793655641,110.40523317016198,107.1903268761283,6.210824241110948,3.3215315452934058,40.46129524075737
9,1.3673067219826762,1.542046355027553,1.3078966041458548,1.5222150192187285,1.6251756173683856,1.4619886717063888,123.54385729851785,115.96549746470502,121.42216825081822,121.63764612334846,110.28594418251555,110.73804982796787,18.60075599658823,3.698217682113191,43.237449565469305
10,1.3805609276989554,1.4254096589459648,1.3692371545634137,1.5162473485542198,1.5833440995177739,1.6321808767079617,116.76491786554085,123.45996229051757,117.29249258071525,122.20948170443306,111.75434351480898,105.55751273106362,13.236472866348988,3.277120269820934,49.18415726531073
11,1.3807623865048348,1.4693755695284905,1.358531142062542,1.587607367218121,1.5033409510848343,1.5580702050531585,109.07095746823269,121.32454787278878,129.01021568844,110.7973805483684,115.11973428213896,114.35573371185812,2.965680910811804,2.430235108813541,47.498582294312435
12,1.4009230484867505,1.4436474789391578,1.3554282513349032,1.567164121685169,1.5208958169789322,1.4896867308812456,121.35572911336232,118.63850928517573,121.5793127826511,118.28369307623382,109.14164196590495,112.81503862075569,8.476331361424796,2.9004063880091877,45.98557342487746
13,1.3684642341575446,1.414478718059488,1.3109379899481084,1.473485433977369,1.5006601157576682,1.5051197693716925,120.06034457816673,118.49658310120329,121.94374346689303,116.60042836667795,116.69089715005111,109.86938024505831,6.596852864296174,4.855035678369107,38.66801539070572
14,1.3488073707898696,1.43474958177864,1.3344075258009003,1.5428572897873831,1.5180529099541415,1.4852418519634314,113.50330146777937,125.08691361625642,121.15987386391826,120.10768318638601,106.86711423447683,122.51089707582175,6.091668200736705,13.11529766388488,36.659705424199835
15,1.4082117985435503,1.5102490654377314,1.3255294119553127,1.531643545805749,1.4827891231662524,1.4484400730543292,117.52207468602597,120.89036064170855,119.85465985143593,115.08017112681355,115.80428362268525,112.5455154385367,12.524762651890834,2.860442548687128,48.55069011389123
16,1.3569060489768032,1.4544093848511812,1.3400283414237146,1.4980181631478726,1.5204322848291982,1.4365248151789336,120.26569451993478,120.3078110045197,120.16485681717909,117.66028148399417,113.70852618258131,112.74396170638461,2.5336718479810236,5.571033837261812,42.53363641131376
17,1.3713153872388204,1.381356582266432,1.3304398548589795,1.5477243210648033,1.5961485607525117,1.5553241670058342,120.33727651574218,120.71461634350659,122.49147250480584,123.18490432131155,106.14064897660013,111.87850186871754,14.071966124088727,23.29563543185214,41.9087088034325
18,1.3680097929678279,1.4635235499581871,1.3698683607740811,1.515461848281459,1.432828712810295,1.518518297067055,119.73624974438377,115.7694208064889,122.69136750850538,120.00872809075507,109.4535084947946,113.88562162332241,8.358787183146603,7.075494441039393,48.73364750760894
19,1.4042633481688913,1.4005100343708976,1.3311086705120454,1.438999095221155,1.4556348396069487,1.6354951415013175,114.4053687339111,116.8774222015997,129.20649311299874,114.83914804325588,111.81791830100067,111.21219342607435,0.7448015548586266,6.1321539393356606,53.032301585454626
20,1.4713541236134606,1.4537288219015134,1.3970375897822902,1.5457786343006577,1.4045838054283941,1.5610319719592398,114.12932801362234,118.43366524593331,118.45978810009865,122.13531327922077,106.38007631173308,118.25376460174354,2.153653488266244,2.630842906896536,51.84322148121804
21,1.3254168734562792,1.4965986178611907,1.4050848248324006,1.5038091253632508,1.5386640251859276,1.5159800260248066,120.01538756135785,122.76275317900888,114.00387902214487,120.4255046348078,115.15018411045504,111.18637676410651,17.218949013692242,8.679377053056296,38.88231573984752
22,1.3480371780441256,1.4563342072692078,1.372860913405712,1.4070377240282566,1.6442942725572693,1.4932365063186999,128.47238160627222,117.17542107935773,119.24253429791263,122.77226636666828,117.9255420227476,104.76780296484374,2.94101147243269,3.774850608479656,29.314445627207526
23,1.402904188986002,1.4187034582622902,1.3409767409088993,1.4945630206008884,1.571547047130044,1.5042076811622702,120.14312176430717,119.64833366531067,124.75674343842819,114.18592139710613,117.67805469606569,104.99922034122801,3.3701561592608558,3.411295374938831,48.938616231007735
24,1.3763822201406286,1.4617355655428992,1.3619571960896748,1.5531231033583526,1.52676631859796,1.4626867425096155,119.3513404448039,121.82547508005769,115.8275788513535,125.12551595686564,108.68549595490832,115.64638906613345,17.455066339156847,8.39212075541891,38.07043666635599
25,1.3862848805543644,1.4898537257754536,1.3848165586028114,1.5678542542489708,1.586311351696463,1.5344712479798188,118.20043006795237,123.69389084858047,116.05273789447662,123.50944603356851,110.34809832312423,110.88491847295062,6.472886884651987,3.0769602934875486,44.208794980920885
26,1.4097170042400116,1.534946780167188,1.3755654484818005,1.5957500858071223,1.5083581000890853,1.5291867797743672,128.79584080243959,115.4235783094564,121.80061764667008,113.75206964480955,119.62538968162305,104.19640099477749,1.847061653348525,16.186554728642626,44.2826098281989
27,1.3615606260601014,1.4190127837600879,1.3584543880941913,1.5344619941384436,1.675495607201812,1.555823282089334,118.65200985686334,126.76618365188054,122.88013422240938,118.79352221532957,115.72736204717124,110.42238912941676,12.916503554385594,3.292169006261691,29.636376362300982
28,1.3135342868068312,1.459793907143838,1.421112556488325,1.5402786380553928,1.4754112873432488,1.4723385758700318,121.97936443743667,122.27206632511732,114.91632731254373,121.51912184333291,111.50077915864841,115.38056428143776,2.1100459245969527,18.306729416192297,36.60815122971987
29,1.3503725027793125,1.4318600122529246,1.3683183540884727,1.5756954952218827,1.5406504847447247,1.5355936769594638,120.78743269219818,118.18033118036126,120.71989334765597,119.14783571361986,103.21321916494857,108.66818177089095,12.284836177033462,10.228972488994291,57.765808049533675
30,1.3416167650835704,1.5036781780593071,1.3517208450920175,1.501840743343134,1.606641662129607,1.5383525973639882,126.5274685924995,120.89618830201692,114.75935536738166,125.21591736605863,112.07184995505084,104.41193114610803,4.751544149272018,21.57439106615274,43.32261334314372
31,1.3031008553924217,1.4697544972644687,1.3591647121954282,1.6293676724088364,1.643173758362264,1.4525964932171427,125.05826054661749,123.57109052884826,120.90238191339502,116.99961893099193,110.82380143784499,110.50431970280934,20.522163131691592,16.669865155766374,38.42515911159846
32,1.4219297393765562,1.3982338431443848,1.3285188169849067,1.4545397500830972,1.381555412158421,1.551659745544581,114.16902423463223,119.63273086599662,121.35359710496252,120.06777733262834,111.50862743026184,112.38828677402424,2.1460153956675243,13.558148493258537,52.674877851278666
33,1.331805190744904,1.4052583541513348,1.3949647772808234,1.4550389674934567,1.573409122033977,1.5580570187875895,121.17797907693549,116.97161423011613,127.93958708122979,113.61414595838679,116.39156266895392,105.11046217036984,14.05594224367062,12.631635766729966,47.842298431108134
34,1.3430624819098598,1.4529065917851363,1.3738635141314435,1.4416197219743512,1.5529514485234377,1.5840150000390156,116.42985855460313,124.71965294250825,116.26456536789024,123.32257764805563,114.93880842006182,112.70103862926004,4.949015546573077,1.5613584328008983,33.29845448289468
35,1.3744092140090216,1.4247048720615791,1.3278540733584527,1.523759253493688,1.554318651628672,1.4919031202640884,114.40097499372129,124.59561780333328,123.63026917729893,117.17961195000039,112.9170947836312,115.8069816595318,14.211617079360316,16.774018097520507,39.793350926345944
36,1.3852356974728042,1.433777525914896,1.3995853066671,1.5595461594500883,1.5696525007020674,1.484142007420002,119.3180445791213,119.79975635161176,119.59152654488774,115.30679291556002,109.69255473596252,102.05208507779273,3.487666076800812,4.099579694104997,62.815417087524814
37,1.2728947836048072,1.4241176021975888,1.342180892839886,1.4690494578769207,1.5491529814379652,1.4720685811665164,117.21689013059616,126.38124086476894,116.0138861498422,122.57809152241668,111.40306190956416,114.00117403673354,6.9394324274374615,9.297068254732071,36.00249991221318
38,1.3896113359542561,1.3723961637144249,1.3448528130161306,1.6058301018910037,1.5298401966996509,1.4978934575028195,119.52178694278571,124.77383807389405,118.80503765279896,121.86248330825593,109.98103035338289,112.35339926426164,8.33953687891951,2.86159835000586,39.455630135615486
39,1.3341580337015475,1.3975791210039374,1.4233081156499088,1.5443603024749257,1.4638593010937346,1.5346087980786722,120.50139295964829,123.28406278351605,118.51048196720853,118.9231651415126,112.13094040409429,111.02769655742146,19.202541213660524,11.626453163699006,44.7847129475511
40,1.4124503624118705,1.5248430972276945,1.3868585728969534,1.4685703440363764,1.4724855390539318,1.564963116768926,120.84046765076602,115.99773682205073,117.45913268913517,123.52140324484378,115.8017569699837,114.4431479229807,9.072890827248623,27.66547342191082,31.57345349108865
41,1.3446569477541013,1.4857490912296176,1.4127539394509085,1.5702215107940487,1.5580460855833913,1.494958470925788,118.27361384364191,122.79749890876312,116.71417919373354,118.33282619775278,108.95462103608662,109.84917630515176,10.685516280166103,5.867355550239508,54.586975551613925
42,1.4164122416075655,1.4383308473022014,1.297072040745937,1.555640512564812,1.5134514042333813,1.5152397722886,117.54765090993605,117.72702073767778,123.94283413495799,123.92461337635086,107.23041617021524,116.79002607834977,9.815655354856966,12.533275068266017,40.06102480821426
43,1.368329245258663,1.4768715592190957,1.3635235649929422,1.4975530627765854,1.5497539369948636,1.5457547618911223,121.01273696582344,119.16071095973444,122.11888270840275,120.1963057121697,115.33424941832729,110.1855528249023,8.910299727985615,11.877930355048356,38.2641647298276
44,1.405370089810875,1.4774111470583988,1.3779616391878158,1.5593748788134028,1.549940393817089,1.5196087480036948,120.91542636303518,115.4440495440282,125.50775313769306,116.53799564563722,107.55873635016138,112.18178736131387,0.9084906972540226,0.9629797659598505,52.562800252849954
45,1.3889784768535267,1.4847734365541845,1.3624495627968987,1.5676919704984684,1.5124967178657398,1.4743776943320024,118.95589345874104,119.11948135577754,124.1902058701688,118.01314120562705,111.8502842012949,119.86987790087063,7.318329306743256,20.31686609819324,32.88543077172053
46,1.3749105229252532,1.477817389910207,1.3581798607813618,1.5322563194216452,1.524950395319597,1.4865618473179263,118.7672802509686,123.38757863000804,120.37907229381443,112.99586634008158,115.23263611486935,109.4834684828932,2.238834788377163,12.550757955748223,50.35988129225898
47,1.3644462145081913,1.444505405638077,1.3249799514742784,1.5283359489860098,1.4697355059599946,1.5203817350091986,122.98723010679527,120.83534928422047,119.22747144314597,122.29147060962265,116.04602843851465,111.72850411555041,16.52154517966014,5.350192783657514,28.906973336441702
48,1.3983069077563142,1.4556179967496818,1.3895437876319443,1.5469476770403485,1.4938456774964484,1.4720324794480932,116.44388706346409,123.04084504339738,117.53144106457343,118.22253324846558,110.8261421839282,114.98540410051041,8.04999065723009,12.914433734370682,48.27852894264389
49,1.2937508897680365,1.4101241922947847,1.3802588506772553,1.5393042132540995,1.519755093397527,1.5535188142581988,116.45236197180762,124.04695374306232,123.88019991393588,117.50946397346569,109.90922478399783,119.3530623048002,7.003601536050984,5.708993467272994,31.846461088757398
50,1.352445619956357,1.3977023453030275,1.3503607617757192,1.452998250120794,1.5097021799410302,1.5530301924282632,118.98928585602685,119.93005526373531,122.97021306745582,117.49260488838476,116.93999733299401,107.9935275625682,0.5572303222131396,5.234406131833454,42.56762338509306
51,1.3975833879476205,1.4474389063114452,1.3616825255761347,1.4855731416982159,1.4754959263449727,1.519228094281727,113.60238421889522,124.57733415941085,119.23232846071377,114.89472967469872,116.39991274541858,107.74651035316147,15.033595906553339,14.867122625139116,56.932890127537796
52,1.4515969619413056,1.4627433054480945,1.3254110389643647,1.554097958847706,1.5176363210107735,1.5219393497318712,114.92606963496958,121.98524003934295,122.21985619061103,120.8729490758093,110.69274877977959,118.69425229309736,18.87898252399597,8.664428979223903,37.61167129334011
53,1.3531710151027938,1.3870922415495255,1.3066327223671983,1.5500215006577596,1.43795690945546,1.5044424531876979,112.7000775889607,128.7511164835696,118.75276433913017,118.02357623128383,112.91901719756986,116.42758636114164,7.097850933537633,12.98325525028115,39.258036238459404
54,1.4114802797284731,1.4536347355625305,1.322927931868022,1.492445660280388,1.4704919736749023,1.5133472599098237,116.68584692585286,116.2269370078875,127.355150833017,114.58062822437373,112.3104864346975,112.67452995121893,1.2423745276646114,23.492557899117127,52.636203254262455
55,1.427664246222867,1.5157674181338727,1.2900026962878126,1.481318498453882,1.5703139171101146,1.5025840882871158,119.48879747792309,114.69604703339338,122.74102710047964,118.34778698118872,112.06073512600231,108.50708753621993,1.987200488366753,18.145491200300327,52.73974775058761
56,1.3239657122981607,1.4268174890594318,1.3990903601485496,1.4817411702670347,1.543218899561806,1.5788963637313227,116.93762180347629,126.08566924798488,118.77653147504564,117.67901490841987,114.76149901003535,110.0159992266901,3.6240006270313736,15.18843970800421,44.20006108672794
57,1.3350219788890136,1.3809604576815815,1.353931978421558,1.4604869329244192,1.5256644078320964,1.5444499737972115,117.17024004612965,117.4421132076193,127.81714717234836,119.86022237334353,107.66371223300708,116.20487016462853,14.720903928353206,8.116440710059774,42.45061291532591
58,1.4305948841640355,1.4622723873751156,1.3061167932204076,1.5657710428103464,1.6269951351145957,1.5421342942100202,118.51690282710234,115.8666800092849,131.29614569861903,115.1939845145215,109.29419786963884,114.67986219852737,19.84642740312137,11.331979797393545,42.72702309453565
59,1.3573971704279288,1.4507246810070422,1.382154996969112,1.5799438612559895,1.617320663341274,1.5515135571930248,118.95615986710575,123.75887880683187,119.77143831667883,118.89778299039678,111.52441933657965,105.3812178045038,14.693877504332306,6.547913915981595,50.151936992673555
60,1.4255945860526165,1.4818436290837937,1.360234343409271,1.4936053816753263,1.5079653997804108,1.5336070806335915,120.19172934814907,117.7104967728495,119.37478865956089,121.2211432038838,114.20051143056149,111.4569968557588,6.637130440685718,12.691874968055407,42.352515997350494
61,1.3352547150129896,1.4327012163000066,1.3683340478346449,1.4600933422960622,1.6020987365589114,1.497165619165288,118.3823418759367,122.61904639143276,121.98357729780075,115.0866360761614,113.74435138410782,108.80616913647471,10.273933078693004,16.57062433045298,49.311169853140115
62,1.3561997465150857,1.4106746558876477,1.3596177723795908,1.51604929035024,1.5807060659824326,1.5865877176361534,121.21624794872194,115.67069470857717,122.40772774834402,118.1049359296552,107.86247613594426,100.00869282361862,3.102372027053937,2.055607813466142,60.56960625950501
63,1.398363810534394,1.4544932541653917,1.3670316741156672,1.4272408115639201,1.4977637820439291,1.5175564204104146,112.67609464449625,121.61363010314065,121.11603958622617,116.55477290355245,111.98041624109172,110.34606496891834,5.511447647550761,17.709851331113978,59.447632769031244
64,1.3710913353691114,1.4126432065975711,1.325432434445027,1.5778744775209268,1.4978057572815398,1.543110220265637,123.04970933177701,120.0689619430963,118.97101417076321,123.78113528242918,110.7136525557708,109.61481488008441,14.595358001881847,19.65240108886994,39.87332605292966
65,1.4013380340169341,1.485278146999019,1.309853512312675,1.4490066006545792,1.5610468181324924,1.4494435745378627,113.75300629704854,126.24299801313883,116.28044540951575,123.33679298835095,112.58122762229824,116.11986238097757,10.910335603264864,8.216415888381023,40.2611793999758
66,1.3506332309776399,1.4148588346376776,1.381796657235331,1.5901871240801448,1.506781405477483,1.5137243660928514,120.07857317320283,121.1160098361768,123.8037319596161,111.87427805255103,114.77415292761816,105.05660253970346,31.600064550436237,1.2375281476434896,54.24182794025382
67,1.3455578101014665,1.446318388066209,1.3566960057142343,1.540634764455235,1.5777679680208692,1.4597735060036885,117.5928946721019,125.74566101036741,121.65801711648429,117.01758945328227,114.09762608140086,116.98765216941449,14.744536079711363,22.08458767561644,29.303408325673914
68,1.367207677022056,1.505623838138958,1.384688194276686,1.4828028073998878,1.5864457674992019,1.4600546239857106,119.06759829149351,118.47360401058204,121.57703276547014,120.12266452181542,105.96963595535557,118.27716599849262,10.894510728355833,18.62705370836069,45.410786934878374
69,1.353395469920297,1.4018868924839147,1.3420541119458413,1.5223404972527543,1.5314905122665834,1.472666358342735,116.68168925392816,124.0183916005335,123.53694051037894,116.45973882090891,115.47913184970051,116.466291710773,12.481111724213955,6.176617084205026,29.288844640942443
70,1.3266962960011763,1.414106247053734,1.3950699086538165,1.5252367634494217,1.4860078484538004,1.4635882325436127,119.62440270853318,121.45320263906486,120.29674663451198,117.59432298311582,112.84187968146506,114.17090395052527,18.461093959609762,8.182667834533445,40.595883105540224
71,1.3906169048935497,1.4893577269164224,1.3562192638288129,1.5287524595936286,1.5883623806843903,1.4980259333117982,119.50654755710538,119.52477513852479,120.83464568386663,121.37923619805359,108.40165376726931,113.92033097691663,12.54927050882711,10.348237301464222,45.28018472628326
72,1.3651660945331883,1.5336657896140466,1.3967614742557013,1.4351654794694788,1.5549872001223073,1.5173377982968155,114.40145430535011,124.97955584255386,118.49464464758684,119.5270718605386,116.59592593047309,116.21847792468847,5.1296591066221096,11.836756121200967,37.69221873112878
73,1.3846995378054414,1.5142355467354693,1.3486533269349634,1.5251001139689757,1.5840701810371094,1.4940959084480345,124.74478571308273,113.50122057595263,122.67028473275838,125.40795884698726,107.35666869907512,116.98457718877202,2.8244728068456797,6.2514602521223495,32.12313645176453
74,1.4209929336389675,1.4083492208250694,1.3133444046011042,1.5198897228680641,1.4623556739518462,1.609754774162321,116.38977556278851,116.66168246504574,126.93783402984222,122.76970782977075,109.86421734218328,120.60574954313995,20.09889288387371,13.131196555613716,24.121409437740894
75,1.3418697040910708,1.4833218467368752,1.3564527782616602,1.5920565742629604,1.5158701833287067,1.530718481598336,113.36517174878432,120.14114126886359,129.64209988920493,113.49725804669971,109.1561909645169,122.46562891578586,24.040681253365012,9.285853088409377,41.42497900029448
76,1.3430167064703784,1.3568953668936812,1.31690769668624,1.45007667870776,1.5541663253449982,1.4676487841049952,122.19637058381247,119.34934982174951,121.44791390977021,120.52257321127672,110.95143130381932,108.37671612918358,14.672062362784171,0.8938344178314352,44.156219257598785
77,1.315253007749668,1.4990288862347025,1.408791876726245,1.4806872150418129,1.5867492878291332,1.5498200365396648,125.6581659542851,117.08613339710188,121.39487521380941,120.17439766415202,113.3280940809858,109.15260729000784,15.51780379180773,3.9629170320211866,40.073050381159455
78,1.3275660822294044,1.4533111075361849,1.4112433014309362,1.460511173564497,1.531167683642652,1.5025551165164,118.00558652085668,122.51722643884224,119.96878024120734,118.32463401419868,113.14142536833373,112.31210691461874,22.86471919934483,8.498742461678225,45.97176897309867
79,1.3497895623328537,1.3848154527343584,1.3289959076549482,1.3981549379885339,1.5888176563400995,1.5974213012864786,118.11771380597594,117.44288342624823,121.16169296598848,124.93542691143367,107.22517394430045,107.01255501885309,14.501432003128842,11.241429421579918,50.02401791879439
80,1.3932456027119762,1.4626051647027274,1.3064600216677864,1.5252183905079708,1.5242750344823788,1.5174458095800105,115.07063823037068,124.03099586828358,121.22493896070898,120.60047852857058,115.02111260594693,114.72572912790963,7.116187126047114,1.6942622854810432,34.535230323713705
81,1.3566261150648409,1.4448459311387287,1.315733234529847,1.5229933577865344,1.5917394797703088,1.536432952638384,119.73781932325056,122.59799839736831,121.84775161057331,118.04927003198779,115.52813051611288,105.6890809391339,19.650852173719883,4.6178845524536865,45.05395661191124
82,1.341856576444166,1.464973933313453,1.3742117872873307,1.460527339787082,1.5834987268376215,1.649146496492218,117.30082419634417,121.49757988633408,119.15262416293096,122.41169001160404,109.7646207454089,104.9929043943602,16.285428098714114,5.537867086436365,54.223507522124905
83,1.3412678720946458,1.418768575699982,1.365763070059457,1.4691930771168393,1.5616962774632281,1.5818249638186452,123.34053122058408,120.13426098088863,123.67451203027478,119.12350154932474,118.00255599662167,107.87460081780893,13.66304997242364,3.664498074759388,32.05844096301595
84,1.2822150006030637,1.4136729133415946,1.4121418707402356,1.4799024294492564,1.5299300672019351,1.5551932798786323,125.49752780248411,121.18604912119842,121.23794450591878,120.50045565446327,117.2287277751588,111.02167129678332,18.36959610187794,1.0769570023778088,20.737514033091607
85,1.3863770726547915,1.5202997366623343,1.3848018950262209,1.557258837830027,1.4833694895483582,1.499247519728619,120.47191056947112,120.20510098690374,117.17828672820269,123.50531536671953,111.577439533232,117.46079283423859,16.93261877477872,0.8110333246993314,34.617299923850595
86,1.3988476159226901,1.5215359132615107,1.3846969548784314,1.52033452326741,1.487319271695672,1.4584735505868618,115.76820768385691,121.89680847229316,119.03040075048274,116.54725145151507,114.02579940739359,115.22712852022076,1.4324061808241322,1.8870976565508912,49.48937167652543
87,1.3904770028553786,1.4957978229073672,1.3650233493788473,1.5490781311594033,1.5741276573818883,1.4832210655398108,121.15757424010167,119.13118233677532,119.40732707269173,124.15655402784407,109.44624516414346,117.03227732903865,3.911397798561914,5.674787118006518,32.6632700365927
88,1.3400019614303533,1.437672647136478,1.4205308502698077,1.4843252785287664,1.5115099403887289,1.598688189693127,121.31786953363185,122.01493086291391,118.2237015049412,120.76045299179117,112.99394862482097,109.5774262953133,5.029425635495454,7.8832904502310335,42.814492715646814
89,1.3302242903150723,1.478430276652609,1.3538500757952352,1.4781770820165814,1.564110312662545,1.544712491070637,123.50306063065334,119.94949192056852,116.8849519222533,123.81763827956348,110.1047821839155,108.64207045568223,11.882694102895258,11.204483461259814,43.611607951549495
90,1.336996848949621,1.405101074857383,1.3079209847765196,1.4667688168897972,1.5589041417611689,1.5441650671309284,118.95591655228957,122.17861228274805,121.90312185725159,118.48366523645788,112.98339051612498,105.24778014626634,5.87107991105357,5.172103043494212,49.82956355799011
91,1.3807071157028015,1.4044050293478934,1.3027342816666307,1.4760890315088566,1.5552788835085918,1.4663038374035666,119.7715739190394,122.21842464418187,113.22143750482984,128.5461394942095,106.03908929891135,108.45344896664636,4.530428980698891,3.0177260215903323,49.04265626488149
92,1.2967761991427684,1.3925749415207076,1.374254689360151,1.556735665044054,1.53734608655763,1.5159128424499815,120.75269525752444,124.12235390574399,120.11918630022241,116.90353616096013,109.32520690967237,112.78227431059103,2.4790562729877417,4.140761410799087,40.31516532778603
93,1.3498319309148443,1.4730379297883327,1.3700248100975154,1.5010793501356305,1.627538515126992,1.6044815732161248,117.79475210178249,124.78063722178209,119.39991419996615,122.42590593100401,114.54070417333045,108.43643247825838,5.30991228636674,23.63295089545656,38.14712680451306
94,1.3049023544655036,1.4356182372534811,1.3831740181634007,1.5377897275420547,1.4286526444269776,1.482683407263438,126.44931735817897,119.03883764059621,117.71084585857754,122.05394645943566,114.47477828063306,111.28231849389873,5.276052775399672,1.5133317980057013,32.330564497391244
95,1.344449424618644,1.5763611167547904,1.3527283687737213,1.469202015755262,1.5636993958792424,1.4377437163026954,127.10011314305301,113.71032054358231,117.55316154426121,126.34574406807702,108.95314022017172,115.45107918188066,14.05860971382345,1.6380846520428296,33.967026637260616
96,1.4141410702156987,1.4913832426899094,1.2833289076909387,1.4793073693869685,1.55669748147363,1.5174381619928925,119.21115771825666,118.57871161715073,116.00243203113746,129.41103247577783,106.83064735957706,108.66153553668731,0.31400102850194594,7.406580174975528,49.79721131544121
97,1.3556076203961094,1.4565528086871096,1.3866638407025704,1.5363926561336925,1.5615119366943304,1.5605122946424208,122.57145182592751,122.6635827965806,117.58220540194826,122.31574188923977,113.35538196821207,109.11476587476558,3.266381314149114,15.30592798396285,38.75828584453504
98,1.3237191150549485,1.4591405298600073,1.416724720704338,1.412885286831967,1.5893518403034732,1.5494849403342854,115.57911874234149,127.51059438928138,118.78056724654465,117.0124996816486,119.35791049660436,110.72503865980406,10.007524904910614,5.8453238724388275,38.53754456375512
99,1.3625076016256126,1.516992429370601,1.3340609250299083,1.4819981841233099,1.550568249759243,1.464579372669774,126.97726009250941,115.6097691818729,119.15382394797408,120.42568052726232,110.43741896151377,108.68612319294773,7.386210532747108,0.27003723979370153,45.697749129210315
100,1.392116855920053,1.3821635440647289,1.357018579696994,1.4707831562217633,1.5807907407983954,1.5392826579942278,114.07631635914422,122.86230651453374,119.64347656370741,123.97092261454988,107.23230404675017,113.91470284846905,4.494461091680815,6.046496326165144,45.4363274410674
101,1.3857835047929394,1.4645979049883096,1.3333831695452898,1.4414454528028664,1.5202047062879211,1.5547932716517734,116.17099371160558,117.96404264400134,122.707794995139,115.89755052759843,107.32130503117827,107.91834009946878,10.869794073039117,13.248670277782999,62.7153059527257
102,1.415170096760158,1.4956085378873993,1.2994439937730784,1.5198793263430894,1.5657110679477726,1.452410988492537,123.8280871867883,118.02290280973278,118.93704411852158,125.9503694670379,110.7526463492397,112.72737766982516,13.269235716258594,10.866873556776879,35.08815202459184
103,1.3818268839609944,1.4292474505854051,1.3474270916202449,1.4902857574027313,1.5040797768975926,1.5046593565619615,120.38669771156684,118.37710833693349,122.93062453784962,116.57428127044193,112.48429663640029,107.73062605162067,4.7117856279015315,10.651716775176599,52.49852230267076
104,1.3853195578214432,1.442241945628454,1.337057895625209,1.4677143387302518,1.470103671019906,1.574257497393113,116.09689059684104,120.88212514869741,121.094843262483,120.1465283219838,112.40361563620361,111.42397472788457,12.615312105044032,2.872418329342915,48.59234899401444
105,1.3495157784254295,1.4607173267986036,1.4304794170359283,1.5704990656819837,1.5349754447789967,1.4308083537224026,121.94374862886646,123.44554416256123,119.63329084285678,111.99019030030024,116.665565586071,108.55004023358956,3.9597153578660067,15.909145201522215,47.66055678911507
106,1.3999721310074644,1.5127971714489847,1.3579555832448431,1.462402067614551,1.5834076447893963,1.5904645881389468,116.7749548498716,122.76482327473579,120.21934850743436,117.93303370314487,114.20027912446895,109.60746225482468,30.086704860627748,35.91892808177447,48.305718728334874
107,1.3317339972747442,1.4947739979227903,1.4005396681012618,1.5428570239509516,1.5473077690748211,1.475634688684421,124.33609527412149,119.68484296162781,121.28897663713772,113.67609864539811,116.61854019549023,107.48382332453728,0.9457438040276936,14.575113367852822,46.93453034943758
108,1.3278952228156617,1.5204598757991514,1.3729854303980886,1.492533083829735,1.5575815706935858,1.5376693801534378,129.17560438075105,117.44880051959288,119.58782644785286,120.39262668543599,119.9026856903019,105.2242181681586,5.85860742404459,10.630858942159403,32.11179306012085
109,1.371842239172442,1.434698825168107,1.362558002121084,1.4668424931146624,1.489200107326245,1.4653985369634328,120.82690887836067,115.24861725866992,124.01502949752312,115.02054016739358,112.07951581219093,112.0927180882418,26.15498562512458,19.783736948158126,49.43203100106993
110,1.3431712267233893,1.4037340768342896,1.3556990404632014,1.4789596352946328,1.528525579568438,1.5380760286906703,115.8809227006491,124.24654690525915,119.31892718935408,122.23094091916941,109.34326457109083,114.26550009223484,6.573513436268052,4.153890496286399,43.01559270115797
111,1.392006570717241,1.4473047524037508,1.3291873338068922,1.5187472478155195,1.6010247077674844,1.3974518816138584,124.24711152474286,119.63727111082947,120.45000776530196,125.2578935199822,110.9893441243635,116.93404334645251,7.031443854609629,9.402809508412094,17.57214909054094
112,1.321949311532825,1.4617091694092383,1.3921385730513471,1.501800781407578,1.6279902895556275,1.563248277756607,119.01617031570807,121.48297745759075,118.5093115984072,123.65957613247346,102.90993892318224,111.39610987799809,13.593977778203104,4.528231057638647,51.718318156087776
113,1.3953817792432488,1.3902887332831688,1.379096758280813,1.4685316765351364,1.5019850502001495,1.5471506758347178,117.22755191107908,117.10155211978974,125.71837166914531,112.05748220030209,110.78816132681932,103.32067695131224,2.122496972255886,2.888244683773126,65.42827793668516
114,1.3344651943192283,1.4891967549392344,1.368495942391189,1.4739895204967854,1.5402629871047633,1.4013098999237363,126.09100473968844,119.8337024955774,117.29206885287039,117.22612790883146,118.47618011466045,105.91897257858686,6.959313667581281,3.7175090111150206,43.7582715124985
115,1.4602466720472822,1.487677335224759,1.3013714513024437,1.529325235019528,1.5345907409282096,1.5898651312638623,120.17860457553554,117.41273158053998,125.8235248293798,118.25623414098034,116.93548080627964,110.5487309803689,18.092713586121153,9.567705983375932,37.06904137921516
116,1.281843028296575,1.4086837878141187,1.4008021845303433,1.5152969525842144,1.56895103453622,1.5642667231346024,118.97343072113149,124.04738611984871,120.30949236829416,120.0970086657891,109.05272684821965,110.28271388737774,3.6454143864831927,10.88687727482714,46.07027519353471
117,1.3607219063040568,1.4055196750276036,1.328210394523587,1.5416180222973725,1.4794653897554404,1.456127599685437,117.65149797684859,123.94910127111653,118.47863441497257,120.81080831685203,113.36338185241803,116.22766095399862,4.980870744446146,16.620949681851158,30.51100079807757
118,1.2879357459328293,1.4531530034731406,1.3737480100417356,1.574708986469019,1.6308971114304287,1.428745001907556,121.02983944348568,125.81585395928732,118.69137298196473,114.78190869766436,114.66723115277019,109.23469940172174,25.30979381044486,0.25841109255093525,40.59935169371351
119,1.337801874162936,1.4857830094803801,1.3811702676091695,1.4362639525263592,1.4875985915730088,1.542770212633754,114.95976041882857,126.11152636672139,115.43448437098374,121.20615901995039,116.70420902720258,112.93773180548702,5.808419672072145,16.966868559668782,40.64725813628353
120,1.3974623569851554,1.5400542492444025,1.3942304220099975,1.5210970729920472,1.59868988148113,1.5363642759836578,115.72671941437952,117.58166639432554,121.66052907098822,117.9313315839829,103.65279936192849,114.43972900313152,21.72313550041285,9.696148742343937,59.407683723233895
121,1.3268511123179316,1.3801547846776119,1.418404988016432,1.5569516822641105,1.4398839361424507,1.4653459293004567,120.96890548735126,120.81326868971983,119.97922769978823,115.74871565795,109.71868704242468,111.4287191851591,8.555937802839443,17.157079629965523,51.81090813383748
122,1.3792687511408135,1.4806717631649164,1.3350532113805609,1.5335053074138614,1.5607042425015853,1.5241492594980546,116.34289514565162,121.0988343069916,124.280422531208,112.07605192022108,112.46098013905466,106.13773735445659,12.903283412538562,23.51086659097692,60.41760011040131
123,1.4078349121595135,1.4794693890459154,1.3129589575223628,1.5364783683432652,1.540875215664802,1.4893451461875358,114.7081720377687,122.8533356424436,117.3694505418159,117.02048871040877,106.77928504735608,114.02460796420715,13.13068152877609,25.037109829092937,51.3825355585799
124,1.338159866519521,1.4229119768792253,1.379271273571041,1.5185125348432393,1.489588449728707,1.5064242229818083,121.42555558996021,117.7217679355521,126.26325426459285,115.74283498544325,113.31898522976974,114.62766197786424,5.355174316444261,6.560955929972759,37.82401098683103
125,1.3179803858616845,1.3573900535306516,1.3750426541639043,1.4516197966299424,1.510434859192488,1.5170164525856462,115.82122859907894,122.05079831692812,123.33980912156913,118.55859362368476,110.823146872971,113.26827328979054,15.158224669066637,6.720217610208706,44.849582958681076
126,1.306488613223266,1.4593439665141124,1.3331328009682224,1.4628573931211304,1.5808199342381226,1.444416670890737,128.1480069386621,118.05131562087097,116.44548246165077,125.89616721308094,109.56774757445676,107.87218350872618,1.7199795701946865,12.196526730021821,40.07194841022706
127,1.310534473512634,1.4289965712067345,1.414776347045698,1.4973288246176792,1.6178419976615228,1.5557386925340957,126.70565143456804,117.38645917927684,119.78999487923909,123.51612939966172,107.8250926777547,105.39604757158881,25.703255513903603,1.8820385622000573,46.53625704437096
128,1.352439592403014,1.5044457352432865,1.3878955070006345,1.5189670948426766,1.5648682425742015,1.5369104127089426,118.7697780283859,125.94708893482536,119.65242461953693,115.73817086975858,119.61833958639328,110.53854506023323,14.18776604450349,14.735402096554566,36.86920656627357
129,1.3255187798231385,1.4195216256727052,1.3126142041170143,1.486269202880153,1.6021955145586477,1.4575313797823555,120.00865026538278,120.81945954870517,120.35068910098002,121.44955645872989,105.03729227915215,112.86200823870134,19.731479668567957,0.8196972162885093,46.514663721680385
130,1.3719976075194558,1.3804031752653114,1.349034209606199,1.555818747624443,1.5606977260583728,1.5176397818574923,116.82522357370787,119.95282832641568,126.87770747925232,113.72012028086878,108.53328709659164,107.91069348875527,4.005662539636057,4.655104702010877,57.258210687068136
131,1.3005993463471837,1.4133073311266715,1.419794807038119,1.482099687171112,1.5036539909836093,1.5838508173298222,115.05203458075363,128.968217966195,116.52346233059507,120.15893267036816,115.56362347912165,114.37739482273325,19.906574209479377,13.860413308471736,32.90132363968739
132,1.3596056899674944,1.4929001953259953,1.4309509018921165,1.5466592064126858,1.527526133018663,1.5600877051096118,116.98613345375281,122.99951253400523,116.12185365539682,127.4912049109248,106.4488190602436,122.51734978834331,16.89547521610669,15.226066802197803,28.775017492618456
133,1.4358534551799738,1.4119864597293739,1.3068653732541593,1.60715809366789,1.5992667945184813,1.5366493186959416,122.4065036455498,116.76813251477962,128.84252288382427,114.32923721188679,113.40847878730474,105.24469186926133,18.42800045408568,15.777071889054984,48.21746307515646
134,1.300582603419212,1.4215756361890424,1.4342481259149185,1.515508776317026,1.54345444216891,1.5729493387093916,121.63347813659726,121.11661956175351,122.47048350216116,113.38423504594714,112.19533558638622,107.37575068091698,1.4129763155816755,18.356452160781853,51.67361860452236
135,1.3227369268628988,1.4122814807937027,1.428464723096654,1.5315553946383187,1.4644001555096489,1.5453048695649347,119.52432070957255,123.62679268002685,120.4064296114712,116.23812841330626,115.87353154375981,111.12276708613612,5.762044287747493,4.0552874827804155,41.625583164797135
136,1.3768313559359708,1.4429832156778197,1.3025131609571137,1.5126366718408042,1.5348846311582305,1.420086922161571,128.03505405154678,110.915145590084,123.68365422069658,122.1114989433281,108.84677560623815,110.67284400631698,6.041482042984851,2.458735801871037,41.107624467517695
137,1.320697456644844,1.4340730765354668,1.3807238378505389,1.5265242045304894,1.5161001422964333,1.5918684039806652,123.83558713732644,120.50224471372157,119.10664463038681,124.22698712648062,110.77736631650276,112.49409564528474,23.127639047798965,13.059274986901874,31.73325458503673
138,1.330105135662084,1.4989462286136443,1.422154127646422,1.496235638555513,1.501524262679841,1.5008103071481915,121.58072299388142,123.70758014511146,115.43749223683616,121.18397689656848,115.84146339248727,112.2505849153248,9.152727855510681,15.510358837320512,36.44408100542408
139,1.3908545372790038,1.468306872645687,1.3094253856672509,1.6174867333178464,1.6382438814054288,1.4704268999510923,123.79148495634806,118.29794990056085,120.5073270982836,126.16991271866226,103.45519166270729,113.26446692264216,8.267735621835348,6.723601565077113,41.29363105237062
140,1.3662813083089904,1.440582282511752,1.3746317817322495,1.5129513981551015,1.5965680072783603,1.51990537024157,120.06675604960049,119.97005930506901,119.89401399357286,125.49290551200802,108.54357369782647,112.09548052978569,28.35452215073082,6.986709854803243,38.557163967610705
141,1.3400464181914475,1.5181131504317484,1.4252157821409985,1.433753471862026,1.5409149066206045,1.5359745879488336,125.84747671125483,117.54548886193768,116.34811000511561,122.110147052308,117.77743444396663,109.35954285564057,7.624023338005092,6.701838547774433,32.02832615897204
142,1.378214573988248,1.5108640443234693,1.3692628449484172,1.5416350979998614,1.5127982677925076,1.536709984505557,115.00536546648658,122.198972660758,121.60316289949756,120.74296607160299,111.0370124236678,119.89400788094684,6.046648443946451,1.491912378877961,36.69465233715816
143,1.3371720478656757,1.5016252348495005,1.4285603975798835,1.4929400154252273,1.5141213884247129,1.4468177213344349,122.92669725367523,115.41546310639528,123.13542099418262,113.72836474377613,113.66900148378203,108.59174648335862,11.030095274364525,7.05179739810129,54.12102081802607
144,1.406436945759289,1.459100371004006,1.2656836405835936,1.5508208065120797,1.5906606680201942,1.5443769711778068,117.70435209134862,119.28095433750157,122.33337485022636,124.74255250550988,108.51088169487811,110.59794627441589,15.353921714664471,2.5372809531895464,43.31644361355341
145,1.373408451315988,1.4150999230317363,1.3707113168203957,1.5105574378804905,1.5766177613549406,1.6139245796781319,118.84025394931965,122.40803086012968,123.73279694105095,118.20705308806288,113.62753156330147,109.8019952683198,10.52742657166497,14.590356414581544,40.726749351532945
146,1.3501378314019097,1.4492379048402972,1.3638001084764466,1.5339460764037163,1.5754040887199696,1.4271679319017152,119.28357311577582,121.4669014476669,119.70574807949761,120.70168211982802,109.40667196115332,116.28873190948966,22.803726993942913,7.3936012353969085,38.69823649595234
147,1.3701031466730518,1.448156978051507,1.3794449761244425,1.534746942551661,1.525939930738316,1.5043969393850027,119.64765473079832,124.3118154216675,116.36703599976461,119.50161372251854,112.29075490643817,107.91108029662993,8.341441704874441,9.193145700536942,50.39741071487062
148,1.3844468522680062,1.4803458320873262,1.3128267145616501,1.4715731913336674,1.6282710562446825,1.4807228531827137,123.76012627390216,122.50122085915973,115.94193362466775,126.73222329681694,114.83272156482668,109.458257082407,14.452469883177788,21.251990431461266,27.646511411134288
149,1.361383201554656,1.5338968200100744,1.404475236104095,1.5395099302544073,1.5473402198270507,1.4278679722686858,125.28587873658,119.98922280102616,118.74334825862579,116.87101751698908,117.77942682077098,110.75857614642847,9.627034952734807,8.386848400447201,37.625080355869066
150,1.3366039172608346,1.4371997721537775,1.3967148350770244,1.529147082967609,1.594085432124633,1.522529301152747,114.11568091779927,126.73370680426206,115.50126266551769,119.65580760177879,109.57663530744401,111.26144891169969,15.91112345002239,16.979863256590416,49.82791870666974
151,1.426822170207079,1.441644431318595,1.3246685714198199,1.4915258594071517,1.4559025665555776,1.4687350718067975,112.9085339631114,122.38561548409652,121.17617908799508,117.73770088330991,113.30376500589969,116.70328096709585,1.8279781187547697,5.38915184104346,47.06545430784713
152,1.2414673286236149,1.4207588157696265,1.354904511590911,1.408523212289142,1.657603613600233,1.5250056354284502,123.84271511732011,122.89388493306335,118.71113145065311,125.50224500783028,112.23420695534091,110.8208593729787,8.302852270580473,10.54968633293427,21.64717432729025
153,1.3165626942633284,1.3385595978773366,1.3511176051355438,1.4834352963072417,1.4962741856356383,1.630228012448974,112.07652486228422,129.06627990089035,122.73291678878878,118.15664475609972,114.82819667947577,113.22880531516464,9.297911259321936,27.67258811162271,35.92455798561963
154,1.4112397649696942,1.4310690425872412,1.3636242892898496,1.480141136674958,1.4492712082206347,1.5103577831014525,115.5521075285072,118.78222724021042,123.47687764324935,117.68543662772404,111.61389595065701,116.68342014575056,11.590135412249062,12.971924078608486,46.75264663187703
155,1.4179919096293443,1.4772852880476801,1.3675441001552506,1.4763822712081205,1.5092704419006457,1.5249862722071876,120.29278469120801,117.0610030902118,120.43066679888483,120.16580827290306,113.97732305968674,107.28312590673715,2.004043470203109,4.754171531478294,50.79674964891891
156,1.3777835647080974,1.458635269996889,1.362576192147706,1.5438405252068874,1.6273571266411202,1.576706176283926,121.4644908742287,122.03559681199702,119.5021283818129,125.20067294619972,110.50182574489293,111.1523159441981,18.06561353090442,6.646642002276679,34.77929240444596
157,1.3834783376622817,1.4080298865092395,1.3391946665709613,1.5128646762463727,1.4873503927009162,1.5070875339646674,118.84979467723451,122.26929805589438,122.50440058993338,116.46867667280904,119.21854576506792,111.05814876293641,2.4495501024015103,7.610705528214225,34.54539548633372
158,1.3669275754836525,1.4044986723356772,1.347133393647731,1.4962453408386187,1.570035161904431,1.4535408024811325,120.31737988359853,121.35994533880219,119.517374196527,123.59088277981314,106.94750831113043,115.23614348855655,0.5200827137408528,7.229288409155127,39.603304815779545
159,1.3573946846655982,1.438857329517749,1.3399287876492212,1.3621073021364867,1.568697492839309,1.6044721858350965,112.83851545142387,122.99662725897603,120.13662132914526,121.82540048009234,115.3894519061279,108.49036204246644,2.1919041702812545,24.171969425742528,45.063474054880764
160,1.3449435621763293,1.4999546351017585,1.3453184898539716,1.532232848096983,1.537269644927481,1.4149220909299416,126.01267902424227,118.92743687614733,117.86327893872134,118.78495162249938,112.61419946344338,108.59253906189589,9.061902007318052,6.324962368443437,46.05203336183671
161,1.4222156929597585,1.3994098228169787,1.3164048936777317,1.6337022709891786,1.5298064797583666,1.4939078432113235,115.50348806866464,119.55975809569433,124.9459730083839,121.61520636688431,103.99369871750517,118.09748687514819,5.722333740885031,6.314721835365357,45.037933309622346
162,1.342870895205237,1.3715702340034417,1.336426217624319,1.512348327545701,1.5279256828673637,1.5130150941721658,117.82792903963457,122.60190297045105,124.23494800721892,116.9975526667659,111.87858358974886,112.32828052477964,16.004437026805576,25.467887189594745,42.85604002319601
163,1.3714938276207198,1.440005689695179,1.346700662807139,1.5342028631536742,1.631641688788452,1.461523437738686,115.81490760879886,120.01796699755835,119.88178810737733,116.97433746422547,106.63964483299289,106.27228356176869,13.202274030488793,9.671528724088162,60.83408859388359
164,1.370342780138507,1.5308571946186857,1.3459715515070283,1.459947992172877,1.5025745348277093,1.516267980602478,117.70825065006508,119.94565379561683,118.09816915421804,124.5088694196416,112.88537895515546,114.31894273319415,15.131085328969172,14.435198772256202,39.71945673455961
165,1.3358618678265748,1.471115918931449,1.421773528541555,1.5610118603235255,1.5436115401137187,1.5343851578562375,116.70915020600161,124.3486081143213,118.48464706488615,116.84752392303925,108.31827943459224,113.07381426677904,0.5354575185340535,2.6420834397795065,52.51702278605031
